作詞
作曲
編曲
主唱
：
理想混蛋
邱建豪
盧可沛
郭哲成
李建廷
雞丁
Look
可沛
阿哲
建廷
廖文強
郁心
※ Mojim.com　魔鏡歌詞網
詳盡
※
Mojim
.
com
　 
魔鏡
歌
詞網
的
你
我
[
]
，
,
。
、
在
了
是
更
不
也
有
再
說
就
都
著
卻
多
好
誰
啦
沒
人
讓
去
為
00.00
00
01
02
03
04
05
06
07
08
09
10
11
12
13
14
15
16
17
18
19
20
21
22
23
24
25
26
27
28
29
30
31
32
33
34
35
36
37
38
39
40
41
42
43
44
45
46
47
48
49
50
51
52
53
54
55
56
57
58
59
60
15.00
20.66
40.80
00.48
19.29
23.34
31.32
47.71
07.89
27.90
37.40
47.21
56.02
05.40
10.20
25.00
30.42
35.19
42.19
19.00
46.90
23.90
51.73
29.14
56.69
33.86
01.10
38.77
06.20
43.76
11.10
48.64
18.32
55.81
08.14
12.48
17.90
22.35
27.70
32.45
36.90
44.50
49.34
54.00
59.87
10.40
30.00
45.40
10.00
07.00
08.00
09.00
10.01
19.19
27.92
32.61
37.22
45.15
06.67
13.18
16.76
25.03
31.23
35.40
54.66
03.38
08.19
12.72
21.50
23.24
27.84
32.46
37.12
41.82
46.43
51.11
55.75
00.98
02.46
02.68
11.52
20.27
24.96
29.64
38.16
39.53
50.57
54.24
18.00
22.00
35.90
48.80
16.50
29.90
42.50
49.90
55.00
07.90
14.90
27.00
29.10
36.50
43.00
49.00
12.00
25.50
38.10
45.00
03.50
10.30
15.80
23.00
32.00
38.90
53.00
20.00
56.00
END